name,accuracy,train_time,test_time,dimensions,method,encoding,iterations,lr,chunks,threshold,reduce_subclass,model_quantize,epsilon,alpha,beta,theta,r,lazy_regeneration,model_neural,lazy_regeneration,model_neural,partial_data,robustness_failed_dimensions,weight_decay,learning_rate,dropout_rate
Abalone,0.5727969408035278,144.11156558990479,4.057129859924316,10000,lehdc,hashmap,30,1,,,,,,,,,,,,5,reset,1,0,0.05,0.01,0.5
AcuteInflammation,1.0,4.30592942237854,0.07758498191833496,10000,lehdc,hashmap,30,1,,,,,,,,,,,,5,reset,1,0,0.05,0.01,0.5
AcuteNephritis,1.0,4.155775785446167,0.05907702445983887,10000,lehdc,hashmap,30,1,,,,,,,,,,,,5,reset,1,0,0.05,0.01,0.5
Adult,0.8286346197128296,1499.9268352985382,53.381088972091675,10000,lehdc,hashmap,30,1,,,,,,,,,,,,5,reset,1,0,0.05,0.01,0.5
Annealing,0.8299999833106995,37.129650831222534,0.32416558265686035,10000,lehdc,hashmap,30,1,,,,,,,,,,,,5,reset,1,0,0.05,0.01,0.5
Arrhythmia,0.5044247508049011,17.907763242721558,0.2331836223602295,10000,lehdc,hashmap,30,1,,,,,,,,,,,,5,reset,1,0,0.05,0.01,0.5
AudiologyStd,0.6800000071525574,8.273381471633911,0.05091381072998047,10000,lehdc,hashmap,30,1,,,,,,,,,,,,5,reset,1,0,0.05,0.01,0.5
BalanceScale,0.9294871687889099,23.47647500038147,0.4821453094482422,10000,lehdc,hashmap,30,1,,,,,,,,,,,,5,reset,1,0,0.05,0.01,0.5
Balloons,1.0,0.8170833587646484,0.008949756622314453,10000,lehdc,hashmap,30,1,,,,,,,,,,,,5,reset,1,0,0.05,0.01,0.5
Bank,0.8787610530853271,162.45039081573486,3.3130199909210205,10000,lehdc,hashmap,30,1,,,,,,,,,,,,5,reset,1,0,0.05,0.01,0.5
Blood,0.6791443824768066,25.445541381835938,0.3699922561645508,10000,lehdc,hashmap,30,1,,,,,,,,,,,,5,reset,1,0,0.05,0.01,0.5
BreastCancer,0.7464788556098938,10.269762516021729,0.13796663284301758,10000,lehdc,hashmap,30,1,,,,,,,,,,,,5,reset,1,0,0.05,0.01,0.5
BreastCancerWisc,0.977142870426178,24.256197690963745,0.3493316173553467,10000,lehdc,hashmap,30,1,,,,,,,,,,,,5,reset,1,0,0.05,0.01,0.5
BreastCancerWiscDiag,0.9718309640884399,19.43642258644104,0.27663612365722656,10000,lehdc,hashmap,30,1,,,,,,,,,,,,5,reset,1,0,0.05,0.01,0.5
BreastCancerWiscProg,0.7551020383834839,6.861251354217529,0.09523916244506836,10000,lehdc,hashmap,30,1,,,,,,,,,,,,5,reset,1,0,0.05,0.01,0.5
BreastTissue,0.692307710647583,3.604734420776367,0.05101418495178223,10000,lehdc,hashmap,30,1,,,,,,,,,,,,5,reset,1,0,0.05,0.01,0.5
Car,0.9282407164573669,58.71179795265198,0.8549432754516602,10000,lehdc,hashmap,30,1,,,,,,,,,,,,5,reset,1,0,0.05,0.01,0.5
Cardiotocography10Clases,0.7476459741592407,72.1928026676178,1.7456624507904053,10000,lehdc,hashmap,30,1,,,,,,,,,,,,5,reset,1,0,0.05,0.01,0.5
Cardiotocography3Clases,0.8888888955116272,75.73663330078125,1.6664981842041016,10000,lehdc,hashmap,30,1,,,,,,,,,,,,5,reset,1,0,0.05,0.01,0.5
ChessKrvk,0.428143709897995,995.775349855423,24.52035164833069,10000,lehdc,hashmap,30,1,,,,,,,,,,,,5,reset,1,0,0.05,0.01,0.5
ChessKrvkp,0.9424280524253845,116.00528621673584,2.380802631378174,10000,lehdc,hashmap,30,1,,,,,,,,,,,,5,reset,1,0,0.05,0.01,0.5
CongressionalVoting,0.642201840877533,15.408665418624878,0.21306872367858887,10000,lehdc,hashmap,30,1,,,,,,,,,,,,5,reset,1,0,0.05,0.01,0.5
ConnBenchSonarMinesRocks,0.75,7.58406400680542,0.10202860832214355,10000,lehdc,hashmap,30,1,,,,,,,,,,,,5,reset,1,0,0.05,0.01,0.5
ConnBenchVowelDeterding,0.8701298832893372,25.6486177444458,1.713454008102417,10000,lehdc,hashmap,30,1,,,,,,,,,,,,5,reset,1,0,0.05,0.01,0.5
Connect4,0.7838829755783081,2359.1808574199677,56.572495460510254,10000,lehdc,hashmap,30,1,,,,,,,,,,,,5,reset,1,0,0.05,0.01,0.5
Contrac,0.45923912525177,50.71929359436035,0.7162516117095947,10000,lehdc,hashmap,30,1,,,,,,,,,,,,5,reset,1,0,0.05,0.01,0.5
CreditApproval,0.8604651093482971,23.568317890167236,0.4346768856048584,10000,lehdc,hashmap,30,1,,,,,,,,,,,,5,reset,1,0,0.05,0.01,0.5
CylinderBands,0.6328125,17.598082304000854,0.3995678424835205,10000,lehdc,hashmap,30,1,,,,,,,,,,,,5,reset,1,0,0.05,0.01,0.5
Dermatology,0.9670329689979553,12.749539613723755,0.17758893966674805,10000,lehdc,hashmap,30,1,,,,,,,,,,,,5,reset,1,0,0.05,0.01,0.5
Echocardiogram,0.8484848737716675,4.626827716827393,0.06517148017883301,10000,lehdc,hashmap,30,1,,,,,,,,,,,,5,reset,1,0,0.05,0.01,0.5
Ecoli,0.9047619104385376,11.651954889297485,0.16370749473571777,10000,lehdc,hashmap,30,1,,,,,,,,,,,,5,reset,1,0,0.05,0.01,0.5
EnergyY1,0.9322916865348816,26.887645483016968,0.37314271926879883,10000,lehdc,hashmap,30,1,,,,,,,,,,,,5,reset,1,0,0.05,0.01,0.5
EnergyY2,0.8802083134651184,26.893455982208252,0.485396146774292,10000,lehdc,hashmap,30,1,,,,,,,,,,,,5,reset,1,0,0.05,0.01,0.5
Fertility,0.7599999904632568,3.947464942932129,0.04924964904785156,10000,lehdc,hashmap,30,1,,,,,,,,,,,,5,reset,1,0,0.05,0.01,0.5
Flags,0.5208333134651184,6.6318583488464355,0.09396243095397949,10000,lehdc,hashmap,30,1,,,,,,,,,,,,5,reset,1,0,0.05,0.01,0.5
Glass,0.4150943458080292,7.134675741195679,0.10597085952758789,10000,lehdc,hashmap,30,1,,,,,,,,,,,,5,reset,1,0,0.05,0.01,0.5
HabermanSurvival,0.5921052694320679,10.79115629196167,0.30846571922302246,10000,lehdc,hashmap,30,1,,,,,,,,,,,,5,reset,1,0,0.05,0.01,0.5
HayesRoth,0.8214285969734192,5.98655366897583,0.11097002029418945,10000,lehdc,hashmap,30,1,,,,,,,,,,,,5,reset,1,0,0.05,0.01,0.5
HeartCleveland,0.5789473652839661,10.614853143692017,0.2301771640777588,10000,lehdc,hashmap,30,1,,,,,,,,,,,,5,reset,1,0,0.05,0.01,0.5
HeartHungarian,0.7534246444702148,10.36334776878357,0.14351177215576172,10000,lehdc,hashmap,30,1,,,,,,,,,,,,5,reset,1,0,0.05,0.01,0.5
HeartSwitzerland,0.3870967626571655,4.408061742782593,0.06257486343383789,10000,lehdc,hashmap,30,1,,,,,,,,,,,,5,reset,1,0,0.05,0.01,0.5
HeartVa,0.23999999463558197,7.197616815567017,0.09742856025695801,10000,lehdc,hashmap,30,1,,,,,,,,,,,,5,reset,1,0,0.05,0.01,0.5
Hepatitis,0.7692307829856873,5.693580389022827,0.08240032196044922,10000,lehdc,hashmap,30,1,,,,,,,,,,,,5,reset,1,0,0.05,0.01,0.5
HillValley,0.5082508325576782,28.95270085334778,1.5381617546081543,10000,lehdc,hashmap,30,1,,,,,,,,,,,,5,reset,1,0,0.05,0.01,0.5
HorseColic,0.8235294222831726,14.786044359207153,0.13538503646850586,10000,lehdc,hashmap,30,1,,,,,,,,,,,,5,reset,1,0,0.05,0.01,0.5
IlpdIndianLiver,0.7123287916183472,21.774719715118408,0.28485846519470215,10000,lehdc,hashmap,30,1,,,,,,,,,,,,5,reset,1,0,0.05,0.01,0.5
ImageSegmentation,0.8700000047683716,10.611433982849121,8.222015142440796,10000,lehdc,hashmap,30,1,,,,,,,,,,,,5,reset,1,0,0.05,0.01,0.5
Ionosphere,0.9659090638160706,12.51863169670105,0.1726675033569336,10000,lehdc,hashmap,30,1,,,,,,,,,,,,5,reset,1,0,0.05,0.01,0.5
Iris,0.9729729890823364,5.489009618759155,0.1919384002685547,10000,lehdc,hashmap,30,1,,,,,,,,,,,,5,reset,1,0,0.05,0.01,0.5
LedDisplay,0.6359999775886536,36.35796642303467,1.061108112335205,10000,lehdc,hashmap,30,1,,,,,,,,,,,,5,reset,1,0,0.05,0.01,0.5
Lenses,0.8333333134651184,0.8050904273986816,0.012336492538452148,10000,lehdc,hashmap,30,1,,,,,,,,,,,,5,reset,1,0,0.05,0.01,0.5
Letter,0.7594000101089478,708.3037621974945,16.59773588180542,10000,lehdc,hashmap,30,1,,,,,,,,,,,,5,reset,1,0,0.05,0.01,0.5
Libras,0.6777777671813965,12.674848318099976,0.17861127853393555,10000,lehdc,hashmap,30,1,,,,,,,,,,,,5,reset,1,0,0.05,0.01,0.5
LowResSpect,0.8270676732063293,18.7720205783844,0.3795335292816162,10000,lehdc,hashmap,30,1,,,,,,,,,,,,5,reset,1,0,0.05,0.01,0.5
LungCancer,0.25,1.2205469608306885,0.018157482147216797,10000,lehdc,hashmap,30,1,,,,,,,,,,,,5,reset,1,0,0.05,0.01,0.5
Lymphography,0.7837837934494019,5.115058183670044,0.07369303703308105,10000,lehdc,hashmap,30,1,,,,,,,,,,,,5,reset,1,0,0.05,0.01,0.5
Magic,0.7019978761672974,668.8497893810272,20.971890687942505,10000,lehdc,hashmap,30,1,,,,,,,,,,,,5,reset,1,0,0.05,0.01,0.5
Mammographic,0.6833333373069763,33.38070464134216,1.091717004776001,10000,lehdc,hashmap,30,1,,,,,,,,,,,,5,reset,1,0,0.05,0.01,0.5
Miniboone,0.4527001976966858,4539.164662837982,114.55050754547119,10000,lehdc,hashmap,30,1,,,,,,,,,,,,5,reset,1,0,0.05,0.01,0.5
MolecBiolPromoter,0.8461538553237915,4.498003959655762,0.051850080490112305,10000,lehdc,hashmap,30,1,,,,,,,,,,,,5,reset,1,0,0.05,0.01,0.5
MolecBiolSplice,0.7678795456886292,115.58248710632324,3.148442029953003,10000,lehdc,hashmap,30,1,,,,,,,,,,,,5,reset,1,0,0.05,0.01,0.5
Monks1,0.7476851940155029,5.713957786560059,1.41457200050354,10000,lehdc,hashmap,30,1,,,,,,,,,,,,5,reset,1,0,0.05,0.01,0.5
Monks2,0.9375,8.063325881958008,1.622791051864624,10000,lehdc,hashmap,30,1,,,,,,,,,,,,5,reset,1,0,0.05,0.01,0.5
Monks3,0.9120370149612427,5.95587682723999,1.295548677444458,10000,lehdc,hashmap,30,1,,,,,,,,,,,,5,reset,1,0,0.05,0.01,0.5
Mushroom,0.9970458149909973,288.3345375061035,6.174272537231445,10000,lehdc,hashmap,30,1,,,,,,,,,,,,5,reset,1,0,0.05,0.01,0.5
Musk1,0.7815126180648804,18.147843837738037,0.23673248291015625,10000,lehdc,hashmap,30,1,,,,,,,,,,,,5,reset,1,0,0.05,0.01,0.5
Musk2,0.9393571615219116,235.68888521194458,5.12786865234375,10000,lehdc,hashmap,30,1,,,,,,,,,,,,5,reset,1,0,0.05,0.01,0.5
Nursery,0.9206790328025818,451.364697933197,14.380037546157837,10000,lehdc,hashmap,30,1,,,,,,,,,,,,5,reset,1,0,0.05,0.01,0.5
OocytesMerlucciusNucleus4d,0.6705882549285889,35.3285231590271,0.49513673782348633,10000,lehdc,hashmap,30,1,,,,,,,,,,,,5,reset,1,0,0.05,0.01,0.5
OocytesMerlucciusStates2f,0.8980392217636108,36.29916048049927,0.7750141620635986,10000,lehdc,hashmap,30,1,,,,,,,,,,,,5,reset,1,0,0.05,0.01,0.5
OocytesTrisopterusNucleus2f,0.7061403393745422,31.49952268600464,0.44254469871520996,10000,lehdc,hashmap,30,1,,,,,,,,,,,,5,reset,1,0,0.05,0.01,0.5
OocytesTrisopterusStates5b,0.859649121761322,31.63895845413208,0.4525904655456543,10000,lehdc,hashmap,30,1,,,,,,,,,,,,5,reset,1,0,0.05,0.01,0.5
Optical,0.9504730105400085,181.46312189102173,7.5104756355285645,10000,lehdc,hashmap,30,1,,,,,,,,,,,,5,reset,1,0,0.05,0.01,0.5
Ozone,0.9716088175773621,88.42638683319092,1.5100932121276855,10000,lehdc,hashmap,30,1,,,,,,,,,,,,5,reset,1,0,0.05,0.01,0.5
PageBlocks,0.9247075915336609,193.2407877445221,4.352038621902466,10000,lehdc,hashmap,30,1,,,,,,,,,,,,5,reset,1,0,0.05,0.01,0.5
Parkinsons,0.8775510191917419,6.818424940109253,0.09624004364013672,10000,lehdc,hashmap,30,1,,,,,,,,,,,,5,reset,1,0,0.05,0.01,0.5
Pendigits,0.9522584080696106,349.7886757850647,9.776262283325195,10000,lehdc,hashmap,30,1,,,,,,,,,,,,5,reset,1,0,0.05,0.01,0.5
Pima,0.6979166865348816,26.180816173553467,0.37584614753723145,10000,lehdc,hashmap,30,1,,,,,,,,,,,,5,reset,1,0,0.05,0.01,0.5
PittsburgBridgesMaterial,0.9615384340286255,3.762326717376709,0.052393198013305664,10000,lehdc,hashmap,30,1,,,,,,,,,,,,5,reset,1,0,0.05,0.01,0.5
PittsburgBridgesRelL,0.8461538553237915,3.619502305984497,0.052088260650634766,10000,lehdc,hashmap,30,1,,,,,,,,,,,,5,reset,1,0,0.05,0.01,0.5
PittsburgBridgesSpan,0.739130437374115,3.1451973915100098,0.04611086845397949,10000,lehdc,hashmap,30,1,,,,,,,,,,,,5,reset,1,0,0.05,0.01,0.5
PittsburgBridgesTOrD,0.8399999737739563,3.6914150714874268,0.05436110496520996,10000,lehdc,hashmap,30,1,,,,,,,,,,,,5,reset,1,0,0.05,0.01,0.5
PittsburgBridgesType,0.5769230723381042,3.6718947887420654,0.058211326599121094,10000,lehdc,hashmap,30,1,,,,,,,,,,,,5,reset,1,0,0.05,0.01,0.5
Planning,0.6888889074325562,6.0178303718566895,0.0881798267364502,10000,lehdc,hashmap,30,1,,,,,,,,,,,,5,reset,1,0,0.05,0.01,0.5
PlantMargin,0.6399999856948853,57.725698709487915,2.5068886280059814,10000,lehdc,hashmap,30,1,,,,,,,,,,,,5,reset,1,0,0.05,0.01,0.5
PlantShape,0.25,57.748286962509155,1.512861728668213,10000,lehdc,hashmap,30,1,,,,,,,,,,,,5,reset,1,0,0.05,0.01,0.5
PlantTexture,0.6100000143051147,59.47172474861145,1.2724947929382324,10000,lehdc,hashmap,30,1,,,,,,,,,,,,5,reset,1,0,0.05,0.01,0.5
PostOperative,0.7272727489471436,3.1134417057037354,0.04407310485839844,10000,lehdc,hashmap,30,1,,,,,,,,,,,,5,reset,1,0,0.05,0.01,0.5
PrimaryTumor,0.4268292784690857,11.636899709701538,0.16488385200500488,10000,lehdc,hashmap,30,1,,,,,,,,,,,,5,reset,1,0,0.05,0.01,0.5
Ringnorm,0.8951351642608643,262.3114356994629,6.879438638687134,10000,lehdc,hashmap,30,1,,,,,,,,,,,,5,reset,1,0,0.05,0.01,0.5
Seeds,0.9615384340286255,7.408265829086304,0.1037893295288086,10000,lehdc,hashmap,30,1,,,,,,,,,,,,5,reset,1,0,0.05,0.01,0.5
Semeion,0.9195979833602905,59.788538455963135,1.4926772117614746,10000,lehdc,hashmap,30,1,,,,,,,,,,,,5,reset,1,0,0.05,0.01,0.5
Soybean,0.8430851101875305,13.875321626663208,1.3570899963378906,10000,lehdc,hashmap,30,1,,,,,,,,,,,,5,reset,1,0,0.05,0.01,0.5
Spambase,0.7599999904632568,161.5500807762146,4.174433708190918,10000,lehdc,hashmap,30,1,,,,,,,,,,,,5,reset,1,0,0.05,0.01,0.5
Spect,0.6397849321365356,3.720369815826416,0.3614640235900879,10000,lehdc,hashmap,30,1,,,,,,,,,,,,5,reset,1,0,0.05,0.01,0.5
Spectf,0.529411792755127,3.8340792655944824,0.36423277854919434,10000,lehdc,hashmap,30,1,,,,,,,,,,,,5,reset,1,0,0.05,0.01,0.5
StatlogAustralianCredit,0.6279069781303406,24.476651668548584,0.3497645854949951,10000,lehdc,hashmap,30,1,,,,,,,,,,,,5,reset,1,0,0.05,0.01,0.5
StatlogGermanCredit,0.6959999799728394,35.34745645523071,1.0854401588439941,10000,lehdc,hashmap,30,1,,,,,,,,,,,,5,reset,1,0,0.05,0.01,0.5
StatlogHeart,0.8805969953536987,9.352100610733032,0.13125014305114746,10000,lehdc,hashmap,30,1,,,,,,,,,,,,5,reset,1,0,0.05,0.01,0.5
StatlogImage,0.9393414258956909,80.48904490470886,1.7550039291381836,10000,lehdc,hashmap,30,1,,,,,,,,,,,,5,reset,1,0,0.05,0.01,0.5
StatlogLandsat,0.8665000200271606,208.25929617881775,7.547992944717407,10000,lehdc,hashmap,30,1,,,,,,,,,,,,5,reset,1,0,0.05,0.01,0.5
StatlogShuttle,0.8148965239524841,2023.7255373001099,40.19567155838013,10000,lehdc,hashmap,30,1,,,,,,,,,,,,5,reset,1,0,0.05,0.01,0.5
StatlogVehicle,0.6161137223243713,29.017511129379272,0.4147217273712158,10000,lehdc,hashmap,30,1,,,,,,,,,,,,5,reset,1,0,0.05,0.01,0.5
SteelPlates,0.6515464186668396,67.57134914398193,1.476274013519287,10000,lehdc,hashmap,30,1,,,,,,,,,,,,5,reset,1,0,0.05,0.01,0.5
SyntheticControl,0.9733333587646484,20.427841424942017,0.29818272590637207,10000,lehdc,hashmap,30,1,,,,,,,,,,,,5,reset,1,0,0.05,0.01,0.5
Teaching,0.6052631735801697,5.2522056102752686,0.07578802108764648,10000,lehdc,hashmap,30,1,,,,,,,,,,,,5,reset,1,0,0.05,0.01,0.5
Thyroid,0.7990081906318665,179.4110324382782,10.199876308441162,10000,lehdc,hashmap,30,1,,,,,,,,,,,,5,reset,1,0,0.05,0.01,0.5
TicTacToe,0.9581589698791504,32.706483364105225,0.47861719131469727,10000,lehdc,hashmap,30,1,,,,,,,,,,,,5,reset,1,0,0.05,0.01,0.5
Titanic,0.699999988079071,74.9343843460083,1.5014088153839111,10000,lehdc,hashmap,30,1,,,,,,,,,,,,5,reset,1,0,0.05,0.01,0.5
Trains,0.5,0.5441176891326904,0.00658869743347168,10000,lehdc,hashmap,30,1,,,,,,,,,,,,5,reset,1,0,0.05,0.01,0.5
Twonorm,0.9508107900619507,255.87918901443481,6.736226797103882,10000,lehdc,hashmap,30,1,,,,,,,,,,,,5,reset,1,0,0.05,0.01,0.5
VertebralColumn2Clases,0.7532467246055603,10.595428466796875,0.15024352073669434,10000,lehdc,hashmap,30,1,,,,,,,,,,,,5,reset,1,0,0.05,0.01,0.5
VertebralColumn3Clases,0.4675324559211731,10.65254282951355,0.29521822929382324,10000,lehdc,hashmap,30,1,,,,,,,,,,,,5,reset,1,0,0.05,0.01,0.5
WallFollowing,0.8812316656112671,191.91077589988708,5.129442453384399,10000,lehdc,hashmap,30,1,,,,,,,,,,,,5,reset,1,0,0.05,0.01,0.5
Waveform,0.8223999738693237,173.72141551971436,3.0126302242279053,10000,lehdc,hashmap,30,1,,,,,,,,,,,,5,reset,1,0,0.05,0.01,0.5
WaveformNoise,0.8064000010490417,175.77598929405212,3.4819109439849854,10000,lehdc,hashmap,30,1,,,,,,,,,,,,5,reset,1,0,0.05,0.01,0.5
Wine,0.9772727489471436,6.385171175003052,0.08580589294433594,10000,lehdc,hashmap,30,1,,,,,,,,,,,,5,reset,1,0,0.05,0.01,0.5
WineQualityRed,0.48750001192092896,55.73199009895325,1.083606243133545,10000,lehdc,hashmap,30,1,,,,,,,,,,,,5,reset,1,0,0.05,0.01,0.5
WineQualityWhite,0.43218955397605896,174.69747805595398,4.84723162651062,10000,lehdc,hashmap,30,1,,,,,,,,,,,,5,reset,1,0,0.05,0.01,0.5
Yeast,0.4366576671600342,52.72987079620361,1.4606473445892334,10000,lehdc,hashmap,30,1,,,,,,,,,,,,5,reset,1,0,0.05,0.01,0.5
Zoo,1.0,3.5450315475463867,0.04888200759887695,10000,lehdc,hashmap,30,1,,,,,,,,,,,,5,reset,1,0,0.05,0.01,0.5