name,accuracy,train_time,test_time,dimensions,method,encoding,iterations,lr,chunks,threshold,reduce_subclass,model_quantize,epsilon,alpha,beta,theta,r,lazy_regeneration,model_neural,lazy_regeneration,model_neural,partial_data,robustness_failed_dimensions,weight_decay,learning_rate,dropout_rate
CIFAR10,0.2669000029563904,31379.806782484055,2416.007355928421,10000,lehdc,hashmap,30,1,,,,,,,,,,,,5,reset,0.1,0,0.05,0.01,0.5
CIFAR10,0.2660999894142151,31379.806782484055,2518.4448523521423,10000,lehdc,hashmap,30,1,,,,,,,,,,,,5,reset,0.1,1,0.05,0.01,0.5
CIFAR10,0.26420000195503235,31379.806782484055,2501.3551914691925,10000,lehdc,hashmap,30,1,,,,,,,,,,,,5,reset,0.1,2,0.05,0.01,0.5
CIFAR10,0.2476000040769577,31379.806782484055,2457.391972541809,10000,lehdc,hashmap,30,1,,,,,,,,,,,,5,reset,0.1,5,0.05,0.01,0.5
CIFAR10,0.23180000483989716,31379.806782484055,2213.05917096138,10000,lehdc,hashmap,30,1,,,,,,,,,,,,5,reset,0.1,10,0.05,0.01,0.5
CIFAR10,0.21539999544620514,31379.806782484055,1777.4577741622925,10000,lehdc,hashmap,30,1,,,,,,,,,,,,5,reset,0.1,15,0.05,0.01,0.5
CIFAR10,0.19949999451637268,31379.806782484055,1784.4005689620972,10000,lehdc,hashmap,30,1,,,,,,,,,,,,5,reset,0.1,20,0.05,0.01,0.5
CIFAR10,0.17990000545978546,31379.806782484055,1899.6615970134735,10000,lehdc,hashmap,30,1,,,,,,,,,,,,5,reset,0.1,25,0.05,0.01,0.5
CIFAR10,0.16220000386238098,31379.806782484055,1829.9581594467163,10000,lehdc,hashmap,30,1,,,,,,,,,,,,5,reset,0.1,30,0.05,0.01,0.5
CIFAR10,0.12800000607967377,31379.806782484055,1832.6408488750458,10000,lehdc,hashmap,30,1,,,,,,,,,,,,5,reset,0.1,40,0.05,0.01,0.5
CIFAR10,0.1054999977350235,31379.806782484055,1830.8591542243958,10000,lehdc,hashmap,30,1,,,,,,,,,,,,5,reset,0.1,50,0.05,0.01,0.5
CIFAR10,0.07249999791383743,31379.806782484055,1834.0689306259155,10000,lehdc,hashmap,30,1,,,,,,,,,,,,5,reset,0.1,60,0.05,0.01,0.5
CIFAR10,0.060499999672174454,31379.806782484055,1832.9597895145416,10000,lehdc,hashmap,30,1,,,,,,,,,,,,5,reset,0.1,70,0.05,0.01,0.5
CIFAR10,0.04580000042915344,31379.806782484055,1831.1165180206299,10000,lehdc,hashmap,30,1,,,,,,,,,,,,5,reset,0.1,80,0.05,0.01,0.5
EuropeanLanguages,0.04766666516661644,9494.51360154152,256.0067014694214,10000,lehdc,hashmap,30,1,,,,,,,,,,,,5,reset,0.1,0,0.05,0.01,0.5
EuropeanLanguages,0.04828571528196335,9494.51360154152,256.04312539100647,10000,lehdc,hashmap,30,1,,,,,,,,,,,,5,reset,0.1,1,0.05,0.01,0.5
EuropeanLanguages,0.051428571343421936,9494.51360154152,255.71110916137695,10000,lehdc,hashmap,30,1,,,,,,,,,,,,5,reset,0.1,2,0.05,0.01,0.5
EuropeanLanguages,0.046047620475292206,9494.51360154152,256.49886536598206,10000,lehdc,hashmap,30,1,,,,,,,,,,,,5,reset,0.1,5,0.05,0.01,0.5
EuropeanLanguages,0.04885714128613472,9494.51360154152,256.81225991249084,10000,lehdc,hashmap,30,1,,,,,,,,,,,,5,reset,0.1,10,0.05,0.01,0.5
EuropeanLanguages,0.046047620475292206,9494.51360154152,256.9232358932495,10000,lehdc,hashmap,30,1,,,,,,,,,,,,5,reset,0.1,15,0.05,0.01,0.5
EuropeanLanguages,0.04819047451019287,9494.51360154152,256.94617533683777,10000,lehdc,hashmap,30,1,,,,,,,,,,,,5,reset,0.1,20,0.05,0.01,0.5
EuropeanLanguages,0.04752380773425102,9494.51360154152,258.06487369537354,10000,lehdc,hashmap,30,1,,,,,,,,,,,,5,reset,0.1,25,0.05,0.01,0.5
EuropeanLanguages,0.05066666752099991,9494.51360154152,258.34145855903625,10000,lehdc,hashmap,30,1,,,,,,,,,,,,5,reset,0.1,30,0.05,0.01,0.5
EuropeanLanguages,0.04828571528196335,9494.51360154152,257.9908902645111,10000,lehdc,hashmap,30,1,,,,,,,,,,,,5,reset,0.1,40,0.05,0.01,0.5
EuropeanLanguages,0.047333333641290665,9494.51360154152,258.00772857666016,10000,lehdc,hashmap,30,1,,,,,,,,,,,,5,reset,0.1,50,0.05,0.01,0.5
EuropeanLanguages,0.05133333429694176,9494.51360154152,258.56905460357666,10000,lehdc,hashmap,30,1,,,,,,,,,,,,5,reset,0.1,60,0.05,0.01,0.5
EuropeanLanguages,0.04709523916244507,9494.51360154152,258.7988004684448,10000,lehdc,hashmap,30,1,,,,,,,,,,,,5,reset,0.1,70,0.05,0.01,0.5
EuropeanLanguages,0.04857143014669418,9494.51360154152,257.9972462654114,10000,lehdc,hashmap,30,1,,,,,,,,,,,,5,reset,0.1,80,0.05,0.01,0.5
MNIST,0.8511999845504761,6852.952919721603,367.8969986438751,10000,lehdc,hashmap,30,1,,,,,,,,,,,,5,reset,0.1,0,0.05,0.01,0.5
MNIST,0.8472999930381775,6852.952919721603,370.3165440559387,10000,lehdc,hashmap,30,1,,,,,,,,,,,,5,reset,0.1,1,0.05,0.01,0.5
MNIST,0.8439000248908997,6852.952919721603,368.0546865463257,10000,lehdc,hashmap,30,1,,,,,,,,,,,,5,reset,0.1,2,0.05,0.01,0.5
MNIST,0.8226000070571899,6852.952919721603,369.91171956062317,10000,lehdc,hashmap,30,1,,,,,,,,,,,,5,reset,0.1,5,0.05,0.01,0.5
MNIST,0.7868000268936157,6852.952919721603,370.06083512306213,10000,lehdc,hashmap,30,1,,,,,,,,,,,,5,reset,0.1,10,0.05,0.01,0.5
MNIST,0.7354999780654907,6852.952919721603,369.3950312137604,10000,lehdc,hashmap,30,1,,,,,,,,,,,,5,reset,0.1,15,0.05,0.01,0.5
MNIST,0.6708999872207642,6852.952919721603,370.9119873046875,10000,lehdc,hashmap,30,1,,,,,,,,,,,,5,reset,0.1,20,0.05,0.01,0.5
MNIST,0.5875999927520752,6852.952919721603,373.50556898117065,10000,lehdc,hashmap,30,1,,,,,,,,,,,,5,reset,0.1,25,0.05,0.01,0.5
MNIST,0.48489999771118164,6852.952919721603,369.4016942977905,10000,lehdc,hashmap,30,1,,,,,,,,,,,,5,reset,0.1,30,0.05,0.01,0.5
MNIST,0.2705000042915344,6852.952919721603,371.0017354488373,10000,lehdc,hashmap,30,1,,,,,,,,,,,,5,reset,0.1,40,0.05,0.01,0.5
MNIST,0.10649999976158142,6852.952919721603,370.66037774086,10000,lehdc,hashmap,30,1,,,,,,,,,,,,5,reset,0.1,50,0.05,0.01,0.5
MNIST,0.023499999195337296,6852.952919721603,368.91188311576843,10000,lehdc,hashmap,30,1,,,,,,,,,,,,5,reset,0.1,60,0.05,0.01,0.5
MNIST,0.006099999882280827,6852.952919721603,372.5982942581177,10000,lehdc,hashmap,30,1,,,,,,,,,,,,5,reset,0.1,70,0.05,0.01,0.5
MNIST,0.0010000000474974513,6852.952919721603,371.80568170547485,10000,lehdc,hashmap,30,1,,,,,,,,,,,,5,reset,0.1,80,0.05,0.01,0.5
EMGHandGestures,0.9240506291389465,60.11369729042053,8.751078844070435,10000,lehdc,hashmap,30,1,,,,,,,,,,,,5,reset,0.1,0,0.05,0.01,0.5
EMGHandGestures,0.9430379867553711,60.11369729042053,8.719948530197144,10000,lehdc,hashmap,30,1,,,,,,,,,,,,5,reset,0.1,1,0.05,0.01,0.5
EMGHandGestures,0.9367088675498962,60.11369729042053,8.717645645141602,10000,lehdc,hashmap,30,1,,,,,,,,,,,,5,reset,0.1,2,0.05,0.01,0.5
EMGHandGestures,0.9430379867553711,60.11369729042053,8.723347187042236,10000,lehdc,hashmap,30,1,,,,,,,,,,,,5,reset,0.1,5,0.05,0.01,0.5
EMGHandGestures,0.9303797483444214,60.11369729042053,8.707907438278198,10000,lehdc,hashmap,30,1,,,,,,,,,,,,5,reset,0.1,10,0.05,0.01,0.5
EMGHandGestures,0.9303797483444214,60.11369729042053,8.63259744644165,10000,lehdc,hashmap,30,1,,,,,,,,,,,,5,reset,0.1,15,0.05,0.01,0.5
EMGHandGestures,0.9240506291389465,60.11369729042053,8.549562931060791,10000,lehdc,hashmap,30,1,,,,,,,,,,,,5,reset,0.1,20,0.05,0.01,0.5
EMGHandGestures,0.9430379867553711,60.11369729042053,8.549867391586304,10000,lehdc,hashmap,30,1,,,,,,,,,,,,5,reset,0.1,25,0.05,0.01,0.5
EMGHandGestures,0.8797468543052673,60.11369729042053,8.537078380584717,10000,lehdc,hashmap,30,1,,,,,,,,,,,,5,reset,0.1,30,0.05,0.01,0.5
EMGHandGestures,0.8607594966888428,60.11369729042053,8.553416967391968,10000,lehdc,hashmap,30,1,,,,,,,,,,,,5,reset,0.1,40,0.05,0.01,0.5
EMGHandGestures,0.29113924503326416,60.11369729042053,8.522310256958008,10000,lehdc,hashmap,30,1,,,,,,,,,,,,5,reset,0.1,50,0.05,0.01,0.5
EMGHandGestures,0.0,60.11369729042053,8.54770803451538,10000,lehdc,hashmap,30,1,,,,,,,,,,,,5,reset,0.1,60,0.05,0.01,0.5
EMGHandGestures,0.006329114083200693,60.11369729042053,8.574687957763672,10000,lehdc,hashmap,30,1,,,,,,,,,,,,5,reset,0.1,70,0.05,0.01,0.5
EMGHandGestures,0.0,60.11369729042053,8.57043719291687,10000,lehdc,hashmap,30,1,,,,,,,,,,,,5,reset,0.1,80,0.05,0.01,0.5
PAMAP,0.9630403518676758,7658.3219537734985,645.6942431926727,10000,lehdc,hashmap,30,1,,,,,,,,,,,,5,reset,0.1,0,0.05,0.01,0.5
PAMAP,0.9621099829673767,7658.3219537734985,636.3624575138092,10000,lehdc,hashmap,30,1,,,,,,,,,,,,5,reset,0.1,1,0.05,0.01,0.5
PAMAP,0.9603840112686157,7658.3219537734985,637.8608903884888,10000,lehdc,hashmap,30,1,,,,,,,,,,,,5,reset,0.1,2,0.05,0.01,0.5
PAMAP,0.955381453037262,7658.3219537734985,637.3844227790833,10000,lehdc,hashmap,30,1,,,,,,,,,,,,5,reset,0.1,5,0.05,0.01,0.5
PAMAP,0.9434481263160706,7658.3219537734985,637.9155423641205,10000,lehdc,hashmap,30,1,,,,,,,,,,,,5,reset,0.1,10,0.05,0.01,0.5
PAMAP,0.9259728789329529,7658.3219537734985,639.9412853717804,10000,lehdc,hashmap,30,1,,,,,,,,,,,,5,reset,0.1,15,0.05,0.01,0.5
PAMAP,0.8974272608757019,7658.3219537734985,639.7106943130493,10000,lehdc,hashmap,30,1,,,,,,,,,,,,5,reset,0.1,20,0.05,0.01,0.5
PAMAP,0.8498287796974182,7658.3219537734985,640.3117384910583,10000,lehdc,hashmap,30,1,,,,,,,,,,,,5,reset,0.1,25,0.05,0.01,0.5
PAMAP,0.7666324973106384,7658.3219537734985,641.930002450943,10000,lehdc,hashmap,30,1,,,,,,,,,,,,5,reset,0.1,30,0.05,0.01,0.5
PAMAP,0.4280494153499603,7658.3219537734985,640.5637710094452,10000,lehdc,hashmap,30,1,,,,,,,,,,,,5,reset,0.1,40,0.05,0.01,0.5
PAMAP,0.06837733834981918,7658.3219537734985,641.8236546516418,10000,lehdc,hashmap,30,1,,,,,,,,,,,,5,reset,0.1,50,0.05,0.01,0.5
PAMAP,0.0,7658.3219537734985,643.4910430908203,10000,lehdc,hashmap,30,1,,,,,,,,,,,,5,reset,0.1,60,0.05,0.01,0.5
PAMAP,0.0,7658.3219537734985,643.9156446456909,10000,lehdc,hashmap,30,1,,,,,,,,,,,,5,reset,0.1,70,0.05,0.01,0.5
PAMAP,0.0,7658.3219537734985,644.267520904541,10000,lehdc,hashmap,30,1,,,,,,,,,,,,5,reset,0.1,80,0.05,0.01,0.5
ISOLET,0.7511225342750549,700.6194665431976,52.01852607727051,10000,lehdc,hashmap,30,1,,,,,,,,,,,,5,reset,0.1,0,0.05,0.01,0.5
ISOLET,0.7536882758140564,700.6194665431976,51.97339606285095,10000,lehdc,hashmap,30,1,,,,,,,,,,,,5,reset,0.1,1,0.05,0.01,0.5
ISOLET,0.7491981983184814,700.6194665431976,51.86959886550903,10000,lehdc,hashmap,30,1,,,,,,,,,,,,5,reset,0.1,2,0.05,0.01,0.5
ISOLET,0.7248235940933228,700.6194665431976,51.78701972961426,10000,lehdc,hashmap,30,1,,,,,,,,,,,,5,reset,0.1,5,0.05,0.01,0.5
ISOLET,0.6459268927574158,700.6194665431976,52.16796684265137,10000,lehdc,hashmap,30,1,,,,,,,,,,,,5,reset,0.1,10,0.05,0.01,0.5
ISOLET,0.5971776843070984,700.6194665431976,52.13823843002319,10000,lehdc,hashmap,30,1,,,,,,,,,,,,5,reset,0.1,15,0.05,0.01,0.5
ISOLET,0.5458627343177795,700.6194665431976,52.175008058547974,10000,lehdc,hashmap,30,1,,,,,,,,,,,,5,reset,0.1,20,0.05,0.01,0.5
ISOLET,0.44836434721946716,700.6194665431976,52.19877886772156,10000,lehdc,hashmap,30,1,,,,,,,,,,,,5,reset,0.1,25,0.05,0.01,0.5
ISOLET,0.3489416241645813,700.6194665431976,52.21357846260071,10000,lehdc,hashmap,30,1,,,,,,,,,,,,5,reset,0.1,30,0.05,0.01,0.5
ISOLET,0.16741500794887543,700.6194665431976,52.20354628562927,10000,lehdc,hashmap,30,1,,,,,,,,,,,,5,reset,0.1,40,0.05,0.01,0.5
ISOLET,0.03463758900761604,700.6194665431976,52.27725529670715,10000,lehdc,hashmap,30,1,,,,,,,,,,,,5,reset,0.1,50,0.05,0.01,0.5
ISOLET,0.007055805064737797,700.6194665431976,52.29734182357788,10000,lehdc,hashmap,30,1,,,,,,,,,,,,5,reset,0.1,60,0.05,0.01,0.5
ISOLET,0.0,700.6194665431976,52.297279596328735,10000,lehdc,hashmap,30,1,,,,,,,,,,,,5,reset,0.1,70,0.05,0.01,0.5
ISOLET,0.0,700.6194665431976,52.32594847679138,10000,lehdc,hashmap,30,1,,,,,,,,,,,,5,reset,0.1,80,0.05,0.01,0.5
UCIHAR,0.7712928652763367,612.7476403713226,81.82251405715942,10000,lehdc,hashmap,30,1,,,,,,,,,,,,5,reset,0.1,0,0.05,0.01,0.5
UCIHAR,0.7617916464805603,612.7476403713226,81.91231513023376,10000,lehdc,hashmap,30,1,,,,,,,,,,,,5,reset,0.1,1,0.05,0.01,0.5
UCIHAR,0.7594163417816162,612.7476403713226,81.88012051582336,10000,lehdc,hashmap,30,1,,,,,,,,,,,,5,reset,0.1,2,0.05,0.01,0.5
UCIHAR,0.7509331703186035,612.7476403713226,81.87740516662598,10000,lehdc,hashmap,30,1,,,,,,,,,,,,5,reset,0.1,5,0.05,0.01,0.5
UCIHAR,0.7200542688369751,612.7476403713226,81.97140264511108,10000,lehdc,hashmap,30,1,,,,,,,,,,,,5,reset,0.1,10,0.05,0.01,0.5
UCIHAR,0.6817102432250977,612.7476403713226,81.96191930770874,10000,lehdc,hashmap,30,1,,,,,,,,,,,,5,reset,0.1,15,0.05,0.01,0.5
UCIHAR,0.6457414031028748,612.7476403713226,81.99827194213867,10000,lehdc,hashmap,30,1,,,,,,,,,,,,5,reset,0.1,20,0.05,0.01,0.5
UCIHAR,0.5958601832389832,612.7476403713226,81.13643598556519,10000,lehdc,hashmap,30,1,,,,,,,,,,,,5,reset,0.1,25,0.05,0.01,0.5
UCIHAR,0.5442823171615601,612.7476403713226,80.94900298118591,10000,lehdc,hashmap,30,1,,,,,,,,,,,,5,reset,0.1,30,0.05,0.01,0.5
UCIHAR,0.3328808844089508,612.7476403713226,80.926114320755,10000,lehdc,hashmap,30,1,,,,,,,,,,,,5,reset,0.1,40,0.05,0.01,0.5
UCIHAR,0.16016288101673126,612.7476403713226,80.7076587677002,10000,lehdc,hashmap,30,1,,,,,,,,,,,,5,reset,0.1,50,0.05,0.01,0.5
UCIHAR,0.05598914250731468,612.7476403713226,81.25581002235413,10000,lehdc,hashmap,30,1,,,,,,,,,,,,5,reset,0.1,60,0.05,0.01,0.5
UCIHAR,0.011876484379172325,612.7476403713226,81.2863085269928,10000,lehdc,hashmap,30,1,,,,,,,,,,,,5,reset,0.1,70,0.05,0.01,0.5
UCIHAR,0.0023752970155328512,612.7476403713226,81.48813581466675,10000,lehdc,hashmap,30,1,,,,,,,,,,,,5,reset,0.1,80,0.05,0.01,0.5