name,accuracy,train_time,test_time,dimensions,method,encoding,iterations,lr,chunks,threshold,reduce_subclass,model_quantize,epsilon,alpha,beta,theta,r,lazy_regeneration,model_neural,lazy_regeneration,model_neural,partial_data,robustness_failed_dimensions,weight_decay,learning_rate,dropout_rate
CIFAR10,0.3416000008583069,5611.574685335159,59.6691677570343,10000,lehdc,hashmap,30,1,,,,,,,,,,,,5,reset,1,0,0.05,0.01,0.5
EuropeanLanguages,0.049666665494441986,9764.987674713135,89.08015084266663,10000,lehdc,hashmap,30,1,,,,,,,,,,,,5,reset,1,0,0.05,0.01,0.5
MNIST,0.8824999928474426,3843.372482061386,40.245264768600464,10000,lehdc,hashmap,30,1,,,,,,,,,,,,5,reset,1,0,0.05,0.01,0.5
EMGHandGestures,0.9936708807945251,23.742924451828003,0.8901240825653076,10000,lehdc,hashmap,30,1,,,,,,,,,,,,5,reset,1,0,0.05,0.01,0.5
PAMAP,0.9717240929603577,8135.920021057129,222.50639367103577,10000,lehdc,hashmap,30,1,,,,,,,,,,,,5,reset,1,0,0.05,0.01,0.5
ISOLET,0.8864656686782837,364.06757044792175,5.482818126678467,10000,lehdc,hashmap,30,1,,,,,,,,,,,,5,reset,1,0,0.05,0.01,0.5
UCIHAR,0.7757040858268738,418.08835554122925,9.754010915756226,10000,lehdc,hashmap,30,1,,,,,,,,,,,,5,reset,1,0,0.05,0.01,0.5
CIFAR10,0.32600000500679016,5710.026005744934,64.72831273078918,10000,lehdc,hashmap,30,1,,,,,,,,,,,,5,reset,1,0,0.05,0.01,0.5
CIFAR10,0.36489999294281006,5789.40593290329,51.11286997795105,10000,lehdc,hashmap,30,1,,,,,,,,,,,,5,reset,1,0,0.05,0.01,0.5
CIFAR10,0.3409999907016754,5725.852832317352,55.25971961021423,10000,lehdc,hashmap,30,1,,,,,,,,,,,,5,reset,1,0,0.05,0.01,0.5
CIFAR10,0.3443000018596649,5716.178706407547,59.836726665496826,10000,lehdc,hashmap,30,1,,,,,,,,,,,,5,reset,1,0,0.05,0.01,0.5
EuropeanLanguages,0.05128571391105652,9818.48530626297,71.22757244110107,10000,lehdc,hashmap,30,1,,,,,,,,,,,,5,reset,1,0,0.05,0.01,0.5
EuropeanLanguages,0.04942857101559639,9878.086566448212,56.83501434326172,10000,lehdc,hashmap,30,1,,,,,,,,,,,,5,reset,1,0,0.05,0.01,0.5
EuropeanLanguages,0.04876190423965454,9897.000883579254,63.71492004394531,10000,lehdc,hashmap,30,1,,,,,,,,,,,,5,reset,1,0,0.05,0.01,0.5
EuropeanLanguages,0.04985714331269264,9439.939188957214,43.397900104522705,10000,lehdc,hashmap,30,1,,,,,,,,,,,,5,reset,1,0,0.05,0.01,0.5
MNIST,0.8895999789237976,3760.146036863327,30.830350160598755,10000,lehdc,hashmap,30,1,,,,,,,,,,,,5,reset,1,0,0.05,0.01,0.5
MNIST,0.8964999914169312,3744.237010717392,27.284752368927002,10000,lehdc,hashmap,30,1,,,,,,,,,,,,5,reset,1,0,0.05,0.01,0.5
MNIST,0.8892999887466431,3772.1296665668488,27.833831787109375,10000,lehdc,hashmap,30,1,,,,,,,,,,,,5,reset,1,0,0.05,0.01,0.5
MNIST,0.8806999921798706,3746.983605146408,27.540396213531494,10000,lehdc,hashmap,30,1,,,,,,,,,,,,5,reset,1,0,0.05,0.01,0.5
EMGHandGestures,0.9936708807945251,23.860214233398438,0.40407824516296387,10000,lehdc,hashmap,30,1,,,,,,,,,,,,5,reset,1,0,0.05,0.01,0.5
EMGHandGestures,0.9873417615890503,23.94638991355896,0.45365452766418457,10000,lehdc,hashmap,30,1,,,,,,,,,,,,5,reset,1,0,0.05,0.01,0.5
EMGHandGestures,1.0,24.26331639289856,0.5568220615386963,10000,lehdc,hashmap,30,1,,,,,,,,,,,,5,reset,1,0,0.05,0.01,0.5
EMGHandGestures,0.9936708807945251,24.379908084869385,0.4120607376098633,10000,lehdc,hashmap,30,1,,,,,,,,,,,,5,reset,1,0,0.05,0.01,0.5
PAMAP,0.9726275205612183,7913.3816430568695,158.70259499549866,10000,lehdc,hashmap,30,1,,,,,,,,,,,,5,reset,1,0,0.05,0.01,0.5
PAMAP,0.9627976417541504,7856.6818590164185,159.94655895233154,10000,lehdc,hashmap,30,1,,,,,,,,,,,,5,reset,1,0,0.05,0.01,0.5
PAMAP,0.9672069549560547,7890.0826070308685,222.47150802612305,10000,lehdc,hashmap,30,1,,,,,,,,,,,,5,reset,1,0,0.05,0.01,0.5
PAMAP,0.9805695414543152,7950.808105707169,162.71967387199402,10000,lehdc,hashmap,30,1,,,,,,,,,,,,5,reset,1,0,0.05,0.01,0.5
ISOLET,0.8999358415603638,367.8760495185852,4.646162986755371,10000,lehdc,hashmap,30,1,,,,,,,,,,,,5,reset,1,0,0.05,0.01,0.5
ISOLET,0.8832585215568542,367.1569344997406,3.904482841491699,10000,lehdc,hashmap,30,1,,,,,,,,,,,,5,reset,1,0,0.05,0.01,0.5
ISOLET,0.8832585215568542,364.7795920372009,5.374171733856201,10000,lehdc,hashmap,30,1,,,,,,,,,,,,5,reset,1,0,0.05,0.01,0.5
ISOLET,0.8948043584823608,370.5379846096039,4.092545032501221,10000,lehdc,hashmap,30,1,,,,,,,,,,,,5,reset,1,0,0.05,0.01,0.5
UCIHAR,0.8215134143829346,418.14697194099426,8.167325019836426,10000,lehdc,hashmap,30,1,,,,,,,,,,,,5,reset,1,0,0.05,0.01,0.5
UCIHAR,0.7933491468429565,417.0729298591614,7.511688947677612,10000,lehdc,hashmap,30,1,,,,,,,,,,,,5,reset,1,0,0.05,0.01,0.5
UCIHAR,0.8103155493736267,410.71061515808105,7.86751127243042,10000,lehdc,hashmap,30,1,,,,,,,,,,,,5,reset,1,0,0.05,0.01,0.5
UCIHAR,0.758059024810791,419.1406626701355,7.940676212310791,10000,lehdc,hashmap,30,1,,,,,,,,,,,,5,reset,1,0,0.05,0.01,0.5
