model,0, 1, 2, 5, 10, 15, 20, 25, 30, 40, 50, 60, 70, 80
VanillHD,0.7, 0.7, 0.7, 0.7, 0.701, 0.7, 0.698, 0.698, 0.696, 0.679, 0.323, 0.137, 0.132, 0.129
AdaptHD,0.69, 0.691, 0.691, 0.689, 0.69, 0.688, 0.686, 0.683, 0.68, 0.652, 0.34, 0.152, 0.139, 0.136
OnlineHD,0.731, 0.731, 0.73, 0.729, 0.726, 0.725, 0.72, 0.714, 0.705, 0.65, 0.331, 0.14, 0.124, 0.117
AdaptHDIterative,0.761, 0.76, 0.759, 0.755, 0.75, 0.747, 0.74, 0.731, 0.719, 0.66, 0.321, 0.139, 0.116, 0.106
OnlineHDIterative,0.762, 0.759, 0.758, 0.754, 0.75, 0.744, 0.737, 0.725, 0.71, 0.644, 0.331, 0.149, 0.121, 0.113
NeuralHD,0.741, 0.74, 0.74, 0.74, 0.737, 0.735, 0.729, 0.722, 0.712, 0.652, 0.342, 0.152, 0.123, 0.116
DistHD,0.768, 0.767, 0.766, 0.764, 0.756, 0.752, 0.745, 0.732, 0.713, 0.631, 0.327, 0.153, 0.123, 0.11
SparseHD,0.743, 0.742, 0.743, 0.74, 0.735, 0.726, 0.718, 0.709, 0.693, 0.625, 0.353, 0.169, 0.14, 0.128
QuantHD,0.682, 0.681, 0.682, 0.681, 0.68, 0.68, 0.677, 0.673, 0.667, 0.631, 0.337, 0.181, 0.172, 0.167
CompHD,0.624, 0.624, 0.624, 0.624, 0.623, 0.622, 0.623, 0.621, 0.62, 0.611, 0.354, 0.158, 0.158, 0.157
SemiHD,0.683, 0.683, 0.683, 0.682, 0.681, 0.681, 0.681, 0.679, 0.678, 0.66, 0.322, 0.149, 0.146, 0.145

