method,0, 1, 2, 5, 10, 15, 20, 25, 30, 40, 50, 60, 70, 80
baseline,0.785, 0.784, 0.785, 0.784, 0.784, 0.783, 0.782, 0.78, 0.776, 0.751, 0.08, 0.007, 0.007, 0.007
adaptHD ,0.817, 0.816, 0.816, 0.813, 0.811, 0.802, 0.796, 0.778, 0.755, 0.633, 0.1, 0.013, 0.008, 0.006
onlineHD,0.829, 0.828, 0.826, 0.822, 0.813, 0.805, 0.792, 0.773, 0.746, 0.621, 0.097, 0.014, 0.009, 0.006
refineHD,0.843, 0.842, 0.842, 0.838, 0.833, 0.824, 0.811, 0.795, 0.769, 0.646, 0.096, 0.008, 0.004, 0.003
adaptHDIter,0,0,0,0,0,0,0,0,0,0,0,0,0
onlineHDIter,0,0,0,0,0,0,0,0,0,0,0,0,0
refineDIter,0,0,0,0,0,0,0,0,0,0,0,0,0


